      j   k   m
01-   0   0   0
02-   1  -1  -1
03-   1  -1   0
04-   1  -1   1
05-   1   0  -1
06-   1   0   0
07-   1   0   1
08-   1   1  -1
09-   1   1   0
10-   1   1   1
11-   2  -2  -2 
12-   2  -2  -1
13-   2  -2   0
14-   2  -2   1
15-   2  -2   2
16-   2  -1  -2
17-   2  -1  -1
18-   2  -1   0
19-   2  -1   1
20-   2  -1   2
21-   2   0  -2
22-   2   0  -1
23-   2   0   0
24-   2   0   1
25-   2   0   2
26-   2   1  -2
27-   2   1  -1
28-   2   1   0
29-   2   1   1
30-   2   1   2
31-   2   2  -2
32-   2   2  -1
33-   2   2   0
34-   2   2   1
35-   2   2   2
