#    Time[fs]          Re(cross-correl)      Im(cross-correl)     Abs(cross-correl)      Abs^2
1    0.00000000      0.00000000000000E+00  0.00000000000000E+00  0.00000000000000E+00  0.00000000000000E+00
2    0.00000000      0.00000000000000E+00  0.00000000000000E+00  0.00000000000000E+00  0.00000000000000E+00
3    0.00000000      0.00000000000000E+00  0.00000000000000E+00  0.00000000000000E+00  0.00000000000000E+00
4    0.00000000      0.00000000000000E+00  0.00000000000000E+00  0.00000000000000E+00  0.00000000000000E+00
5    0.00000000      0.00000000000000E+00  0.00000000000000E+00  0.00000000000000E+00  0.00000000000000E+00
6    0.00000000      0.00000000000000E+00  0.00000000000000E+00  0.00000000000000E+00  0.00000000000000E+00
7    0.00000000      0.00000000000000E+00  0.00000000000000E+00  0.00000000000000E+00  0.00000000000000E+00
8    0.00000000      0.00000000000000E+00  0.00000000000000E+00  0.00000000000000E+00  0.00000000000000E+00
9    0.00000000      0.00000000000000E+00  0.00000000000000E+00  0.00000000000000E+00  0.00000000000000E+00
