Number     State       Energy
 000       000  0      0.000000
 001       101 -1      0.421410
 002       101  0
 003       101  1
 004       111 -1      0.799730
 005       111  0
 006       111  1
 007       110 -1      0.824106
 008       110  0
 009       110  1
 010       202 -2      1.263090
 011       202 -1
 012       202  0
 013       202  1
 014       202  2
 015       212 -2      1.618174
 016       212 -1
 017       212  0
 018       212  1
 019       212  2
 020       211 -2      1.691302
 021       211 -1
 022       211  0
 023       211  1
 024       211  2
 025       221 -2      2.826262
 026       221 -1
 027       221  0
 028       221  1
 029       221  2
 030       220 -2      2.827402
 031       220 -1
 032       220  0
 033       220  1
 034       220  2
 035       303 -3      2.522775
 036       303 -2
 037       303 -1
 038       303  0
 039       303  1
 040       303  2
 041       303  3
 042       313 -3      2.845143
 043       313 -2
 044       313 -1
 045       313  0
 046       313  1
 047       313  2
 048       313  3
 049       312 -3      2.991366
 050       312 -2
 051       312 -1
 052       312  0
 053       312  1
 054       312  2
 055       312  3
 056       322 -3      4.090492
 057       322 -2
 058       322 -1
 059       322  0
 060       322  1
 061       322  2
 062       322  3
 063       321 -3      4.096177
 064       321 -2
 065       321 -1
 066       321  0
 067       321  1
 068       321  2
 069       321  3
 070       331 -3      6.043729
 071       331 -2
 072       331 -1
 073       331  0
 074       331  1
 075       331  2
 076       331  3
 077       330 -3      6.043762
 078       330 -2
 079       330 -1
 080       330  0
 081       330  1
 082       330  2
 083       330  3
