      j   k   m
01-   0   0   0
02-   1  -1  -1
03-   1  -1   0
04-   1  -1   1
05-   1   0  -1
06-   1   0   0
07-   1   0   1
08-   1   1  -1
09-   1   1   0
10-   1   1   1
11-   2  -2  -2 
12-   2  -2  -1
13-   2  -2   0
14-   2  -2   1
15-   2  -2   2
16-   2  -1  -2
17-   2  -1  -1
18-   2  -1   0
19-   2  -1   1
20-   2  -1   2
21-   2   0  -2
22-   2   0  -1
23-   2   0   0
24-   2   0   1
25-   2   0   2
26-   2   1  -2
27-   2   1  -1
28-   2   1   0
29-   2   1   1
30-   2   1   2
31-   2   2  -2
32-   2   2  -1
33-   2   2   0
34-   2   2   1
35-   2   2   2
36-   3  -3  -3
37-   3  -3  -2
38-   3  -3  -1
39-   3  -3   0
40-   3  -3   1
41-   3  -3   2
42-   3  -3   3
43-   3  -2  -3
44-   3  -2  -2
45-   3  -2  -1
46-   3  -2   0
47-   3  -2   1
48-   3  -2   2
49-   3  -2   3
50-   3  -1  -3
51-   3  -1  -2
52-   3  -1  -1
53-   3  -1   0
54-   3  -1   1
55-   3  -1   2
56-   3  -1   3
57-   3   0  -3
58-   3   0  -2
59-   3   0  -1
60-   3   0   0
61-   3   0   1
62-   3   0   2
63-   3   0   3
64-   3   1  -3
65-   3   1  -2
66-   3   1  -1
67-   3   1   0
68-   3   1   1
69-   3   1   2
70-   3   1   3
71-   3   2  -3
72-   3   2  -2
73-   3   2  -1
74-   3   2   0
75-   3   2   1
76-   3   2   2
77-   3   2   3
78-   3   3  -3
79-   3   3  -2
80-   3   3  -1
81-   3   3   0
82-   3   3   1
83-   3   3   2
84-   3   3   3
